evidence_id,shop_domain,Handle,product_id,media_id,image_location,image_number,variant,image_url,image_url_export,identity_status,shared_media_references,viewed_status,viewed_at,observed_visual_details,alt_current,alt_proposed,alt_action,review_status,revision,approved_by,approved_at,approved_fields,approved_revision,evidence_file_or_reference,issues
B031-301,chillgen.com,personalized-classroom-doormat-welcome-class-door-mat-f34045b91d,15913422750065,80879119499633,GALLERY_PUBLIC_CDN,1,,https://cdn.shopify.com/s/files/1/1023/0068/0561/files/38c8a38d48642ceaf9254748ebfc706789b2e50fd5ed5ed719d66b179151eaaf.jpg?v=1784368216,UNKNOWN_WITHOUT_SHOPIFY_EXPORT,PUBLIC_JSON_MATCHED_TO_HANDLE,,VIEWED_CONTACT_SHEET_AND_LOCAL_FILE,2026-09-07T04:03:53+07:00,tribal classroom welcome mat flat view,,tribal classroom welcome mat flat view,SET,NEEDS_REVIEW,1,,,,,seo_runs/chillgen.com/chillgen_20260907_01/evidence/images/B031/personalized-classroom-doormat-welcome-class-door-mat-f34045b91d__img_01.jpg,alt_current_empty_in_public_json; media_export_url_unknown_without_shopify_export
B031-301,chillgen.com,personalized-classroom-doormat-welcome-class-door-mat-f34045b91d,15913422750065,80879119532401,GALLERY_PUBLIC_CDN,2,,https://cdn.shopify.com/s/files/1/1023/0068/0561/files/d9edb07cc09033e9169f76729f6ec783aa403ade7d56b839b2e0dff7f9261d18.jpg?v=1784368220,UNKNOWN_WITHOUT_SHOPIFY_EXPORT,PUBLIC_JSON_MATCHED_TO_HANDLE,,VIEWED_CONTACT_SHEET_AND_LOCAL_FILE,2026-09-07T04:03:53+07:00,teacher name classroom mat in room,,teacher name classroom mat in room,SET,NEEDS_REVIEW,1,,,,,seo_runs/chillgen.com/chillgen_20260907_01/evidence/images/B031/personalized-classroom-doormat-welcome-class-door-mat-f34045b91d__img_02.jpg,alt_current_empty_in_public_json; media_export_url_unknown_without_shopify_export
B031-301,chillgen.com,personalized-classroom-doormat-welcome-class-door-mat-f34045b91d,15913422750065,80879119565169,GALLERY_PUBLIC_CDN,3,,https://cdn.shopify.com/s/files/1/1023/0068/0561/files/65193081cc029b454b4555038fe1185ceb9061af0ea24fb97b1f3465a0ae130d.jpg?v=1784368221,UNKNOWN_WITHOUT_SHOPIFY_EXPORT,PUBLIC_JSON_MATCHED_TO_HANDLE,,VIEWED_CONTACT_SHEET_AND_LOCAL_FILE,2026-09-07T04:03:53+07:00,non-skid backing detail for welcome mat,,non-skid backing detail for welcome mat,SET,NEEDS_REVIEW,1,,,,,seo_runs/chillgen.com/chillgen_20260907_01/evidence/images/B031/personalized-classroom-doormat-welcome-class-door-mat-f34045b91d__img_03.jpg,alt_current_empty_in_public_json; media_export_url_unknown_without_shopify_export
B031-301,chillgen.com,personalized-classroom-doormat-welcome-class-door-mat-f34045b91d,15913422750065,80879119597937,GALLERY_PUBLIC_CDN,4,,https://cdn.shopify.com/s/files/1/1023/0068/0561/files/8c59eac33fc05ac35ac12faeacbfe33660cb8cfa9b03a560e9406149b364c038.jpg?v=1784368226,UNKNOWN_WITHOUT_SHOPIFY_EXPORT,PUBLIC_JSON_MATCHED_TO_HANDLE,,VIEWED_CONTACT_SHEET_AND_LOCAL_FILE,2026-09-07T04:03:53+07:00,classroom doormat size chart,,classroom doormat size chart,SET,NEEDS_REVIEW,1,,,,,seo_runs/chillgen.com/chillgen_20260907_01/evidence/images/B031/personalized-classroom-doormat-welcome-class-door-mat-f34045b91d__img_04.jpg,alt_current_empty_in_public_json; media_export_url_unknown_without_shopify_export
B031-301,chillgen.com,personalized-classroom-doormat-welcome-class-door-mat-f34045b91d,15913422750065,80879119630705,GALLERY_PUBLIC_CDN,5,,https://cdn.shopify.com/s/files/1/1023/0068/0561/files/83fbadf50f85282160ed6a245ddad4e3cf10c36d7674698439dc3613e91bb747.jpg?v=1784368227,UNKNOWN_WITHOUT_SHOPIFY_EXPORT,PUBLIC_JSON_MATCHED_TO_HANDLE,,VIEWED_CONTACT_SHEET_AND_LOCAL_FILE,2026-09-07T04:03:53+07:00,classroom mat use location panel,,classroom mat use location panel,SET,NEEDS_REVIEW,1,,,,,seo_runs/chillgen.com/chillgen_20260907_01/evidence/images/B031/personalized-classroom-doormat-welcome-class-door-mat-f34045b91d__img_05.jpg,alt_current_empty_in_public_json; media_export_url_unknown_without_shopify_export
B031-301,chillgen.com,personalized-classroom-doormat-welcome-class-door-mat-f34045b91d,15913422750065,80879119663473,GALLERY_PUBLIC_CDN,6,,https://cdn.shopify.com/s/files/1/1023/0068/0561/files/087da2750016ff63c3ceb7fb5660ab3e2741fb40e3abac12eefe27a740c89072.jpg?v=1784368231,UNKNOWN_WITHOUT_SHOPIFY_EXPORT,PUBLIC_JSON_MATCHED_TO_HANDLE,,VIEWED_CONTACT_SHEET_AND_LOCAL_FILE,2026-09-07T04:03:53+07:00,personalized teacher mat held by couple,,personalized teacher mat held by couple,SET,NEEDS_REVIEW,1,,,,,seo_runs/chillgen.com/chillgen_20260907_01/evidence/images/B031/personalized-classroom-doormat-welcome-class-door-mat-f34045b91d__img_06.jpg,alt_current_empty_in_public_json; media_export_url_unknown_without_shopify_export
B031-301,chillgen.com,personalized-classroom-doormat-welcome-class-door-mat-f34045b91d,15913422750065,80879119696241,GALLERY_PUBLIC_CDN,7,,https://cdn.shopify.com/s/files/1/1023/0068/0561/files/c4bfcb36bc9cc674807816dfce49c9d275293d0f24f3660e5ca9d8db6741765a.jpg?v=1784368232,UNKNOWN_WITHOUT_SHOPIFY_EXPORT,PUBLIC_JSON_MATCHED_TO_HANDLE,,VIEWED_CONTACT_SHEET_AND_LOCAL_FILE,2026-09-07T04:03:53+07:00,classroom welcome mat at doorway with dog,,classroom welcome mat at doorway with dog,SET,NEEDS_REVIEW,1,,,,,seo_runs/chillgen.com/chillgen_20260907_01/evidence/images/B031/personalized-classroom-doormat-welcome-class-door-mat-f34045b91d__img_07.jpg,alt_current_empty_in_public_json; media_export_url_unknown_without_shopify_export
B031-302,chillgen.com,personalized-classroom-welcome-doormat-notebook-rug-508fa38fe3,15913422946673,80879120449905,GALLERY_PUBLIC_CDN,1,,https://cdn.shopify.com/s/files/1/1023/0068/0561/files/94415d011ee95893e885bf1afb6bf1f02b022fa6476941c1f9890c98f18f1314.jpg?v=1784368193,UNKNOWN_WITHOUT_SHOPIFY_EXPORT,PUBLIC_JSON_MATCHED_TO_HANDLE,,VIEWED_CONTACT_SHEET_AND_LOCAL_FILE,2026-09-07T04:03:53+07:00,Better With You classroom mat held by person,,Better With You classroom mat held by person,SET,NEEDS_REVIEW,1,,,,,seo_runs/chillgen.com/chillgen_20260907_01/evidence/images/B031/personalized-classroom-welcome-doormat-notebook-rug-508fa38fe3__img_01.jpg,alt_current_empty_in_public_json; media_export_url_unknown_without_shopify_export
B031-302,chillgen.com,personalized-classroom-welcome-doormat-notebook-rug-508fa38fe3,15913422946673,80879120482673,GALLERY_PUBLIC_CDN,2,,https://cdn.shopify.com/s/files/1/1023/0068/0561/files/8bd66875a1d3e3d03c50978bd06f5006aa8e09b904d9b384d744f2c318469566.jpg?v=1784368198,UNKNOWN_WITHOUT_SHOPIFY_EXPORT,PUBLIC_JSON_MATCHED_TO_HANDLE,,VIEWED_CONTACT_SHEET_AND_LOCAL_FILE,2026-09-07T04:03:53+07:00,students entering with Better With You mat,,students entering with Better With You mat,SET,NEEDS_REVIEW,1,,,,,seo_runs/chillgen.com/chillgen_20260907_01/evidence/images/B031/personalized-classroom-welcome-doormat-notebook-rug-508fa38fe3__img_02.jpg,alt_current_empty_in_public_json; media_export_url_unknown_without_shopify_export
B031-302,chillgen.com,personalized-classroom-welcome-doormat-notebook-rug-508fa38fe3,15913422946673,80879120515441,GALLERY_PUBLIC_CDN,3,,https://cdn.shopify.com/s/files/1/1023/0068/0561/files/c483c88620f16b10fc73d2e8fe4f39db8c467f1349b17a94b7847136c401ee01.jpg?v=1784368199,UNKNOWN_WITHOUT_SHOPIFY_EXPORT,PUBLIC_JSON_MATCHED_TO_HANDLE,,VIEWED_CONTACT_SHEET_AND_LOCAL_FILE,2026-09-07T04:03:53+07:00,non-skid backing detail for teacher mat,,non-skid backing detail for teacher mat,SET,NEEDS_REVIEW,1,,,,,seo_runs/chillgen.com/chillgen_20260907_01/evidence/images/B031/personalized-classroom-welcome-doormat-notebook-rug-508fa38fe3__img_03.jpg,alt_current_empty_in_public_json; media_export_url_unknown_without_shopify_export
B031-302,chillgen.com,personalized-classroom-welcome-doormat-notebook-rug-508fa38fe3,15913422946673,80879120548209,GALLERY_PUBLIC_CDN,4,,https://cdn.shopify.com/s/files/1/1023/0068/0561/files/412c9ca9690e0cf884082e7566a97b110d38ebe09ddd58f3c5e7425f700bb219.jpg?v=1784368204,UNKNOWN_WITHOUT_SHOPIFY_EXPORT,PUBLIC_JSON_MATCHED_TO_HANDLE,,VIEWED_CONTACT_SHEET_AND_LOCAL_FILE,2026-09-07T04:03:53+07:00,Better With You mat at classroom entrance,,Better With You mat at classroom entrance,SET,NEEDS_REVIEW,1,,,,,seo_runs/chillgen.com/chillgen_20260907_01/evidence/images/B031/personalized-classroom-welcome-doormat-notebook-rug-508fa38fe3__img_04.jpg,alt_current_empty_in_public_json; media_export_url_unknown_without_shopify_export
B031-302,chillgen.com,personalized-classroom-welcome-doormat-notebook-rug-508fa38fe3,15913422946673,80879120580977,GALLERY_PUBLIC_CDN,5,,https://cdn.shopify.com/s/files/1/1023/0068/0561/files/59e5b3ccf0ba40dc4574443a3f586dd738870c39c261185f953af7ca5f2b7c9f.jpg?v=1784368205,UNKNOWN_WITHOUT_SHOPIFY_EXPORT,PUBLIC_JSON_MATCHED_TO_HANDLE,,VIEWED_CONTACT_SHEET_AND_LOCAL_FILE,2026-09-07T04:03:53+07:00,teacher appreciation mat by door,,teacher appreciation mat by door,SET,NEEDS_REVIEW,1,,,,,seo_runs/chillgen.com/chillgen_20260907_01/evidence/images/B031/personalized-classroom-welcome-doormat-notebook-rug-508fa38fe3__img_05.jpg,alt_current_empty_in_public_json; media_export_url_unknown_without_shopify_export
B031-302,chillgen.com,personalized-classroom-welcome-doormat-notebook-rug-508fa38fe3,15913422946673,80879120613745,GALLERY_PUBLIC_CDN,6,,https://cdn.shopify.com/s/files/1/1023/0068/0561/files/1ee714a73c7db493a51cc18997f9cebb5a6be4d39754cd4e36e12e7b24e239aa.jpg?v=1784368209,UNKNOWN_WITHOUT_SHOPIFY_EXPORT,PUBLIC_JSON_MATCHED_TO_HANDLE,,VIEWED_CONTACT_SHEET_AND_LOCAL_FILE,2026-09-07T04:03:53+07:00,Better With You mat on wood floor,,Better With You mat on wood floor,SET,NEEDS_REVIEW,1,,,,,seo_runs/chillgen.com/chillgen_20260907_01/evidence/images/B031/personalized-classroom-welcome-doormat-notebook-rug-508fa38fe3__img_06.jpg,alt_current_empty_in_public_json; media_export_url_unknown_without_shopify_export
B031-302,chillgen.com,personalized-classroom-welcome-doormat-notebook-rug-508fa38fe3,15913422946673,80879120646513,GALLERY_PUBLIC_CDN,7,,https://cdn.shopify.com/s/files/1/1023/0068/0561/files/ed6db0f4ec4c4fd4acb446b31c48abcf661b9f969c89bd9460a4ae3af5af8d87.jpg?v=1784368210,UNKNOWN_WITHOUT_SHOPIFY_EXPORT,PUBLIC_JSON_MATCHED_TO_HANDLE,,VIEWED_CONTACT_SHEET_AND_LOCAL_FILE,2026-09-07T04:03:53+07:00,classroom mat by white door,,classroom mat by white door,SET,NEEDS_REVIEW,1,,,,,seo_runs/chillgen.com/chillgen_20260907_01/evidence/images/B031/personalized-classroom-welcome-doormat-notebook-rug-508fa38fe3__img_07.jpg,alt_current_empty_in_public_json; media_export_url_unknown_without_shopify_export
B031-302,chillgen.com,personalized-classroom-welcome-doormat-notebook-rug-508fa38fe3,15913422946673,80879120679281,GALLERY_PUBLIC_CDN,8,,https://cdn.shopify.com/s/files/1/1023/0068/0561/files/3e3aef8eaf7d159ac503f5691e5fcd176abd244e31521de96ee1d6af650d9bf2.jpg?v=1784368215,UNKNOWN_WITHOUT_SHOPIFY_EXPORT,PUBLIC_JSON_MATCHED_TO_HANDLE,,VIEWED_CONTACT_SHEET_AND_LOCAL_FILE,2026-09-07T04:03:53+07:00,Better With You classroom mat flat view,,Better With You classroom mat flat view,SET,NEEDS_REVIEW,1,,,,,seo_runs/chillgen.com/chillgen_20260907_01/evidence/images/B031/personalized-classroom-welcome-doormat-notebook-rug-508fa38fe3__img_08.jpg,alt_current_empty_in_public_json; media_export_url_unknown_without_shopify_export
B031-303,chillgen.com,personalized-classroom-doormat-with-custom-teacher-name-675f2e0900,15913423077745,80879121334641,GALLERY_PUBLIC_CDN,1,,https://cdn.shopify.com/s/files/1/1023/0068/0561/files/6e2a2a547254e10abcaebb20df31dc190ce6312320cf0a8873348db667acdd30.jpg?v=1784368176,UNKNOWN_WITHOUT_SHOPIFY_EXPORT,PUBLIC_JSON_MATCHED_TO_HANDLE,,VIEWED_CONTACT_SHEET_AND_LOCAL_FILE,2026-09-07T04:03:53+07:00,Happy To See Your Face mat flat view,,Happy To See Your Face mat flat view,SET,NEEDS_REVIEW,1,,,,,seo_runs/chillgen.com/chillgen_20260907_01/evidence/images/B031/personalized-classroom-doormat-with-custom-teacher-name-675f2e0900__img_01.jpg,alt_current_empty_in_public_json; media_export_url_unknown_without_shopify_export
B031-303,chillgen.com,personalized-classroom-doormat-with-custom-teacher-name-675f2e0900,15913423077745,80879121367409,GALLERY_PUBLIC_CDN,2,,https://cdn.shopify.com/s/files/1/1023/0068/0561/files/dd44693abbc40165c98491233b01e55247702d6c0f254f2f85a1e05f9e8fa3b0.jpg?v=1784368177,UNKNOWN_WITHOUT_SHOPIFY_EXPORT,PUBLIC_JSON_MATCHED_TO_HANDLE,,VIEWED_CONTACT_SHEET_AND_LOCAL_FILE,2026-09-07T04:03:53+07:00,teacher name pink classroom mat in room,,teacher name pink classroom mat in room,SET,NEEDS_REVIEW,1,,,,,seo_runs/chillgen.com/chillgen_20260907_01/evidence/images/B031/personalized-classroom-doormat-with-custom-teacher-name-675f2e0900__img_02.jpg,alt_current_empty_in_public_json; media_export_url_unknown_without_shopify_export
B031-303,chillgen.com,personalized-classroom-doormat-with-custom-teacher-name-675f2e0900,15913423077745,80879121400177,GALLERY_PUBLIC_CDN,3,,https://cdn.shopify.com/s/files/1/1023/0068/0561/files/055fb8214818601f21336ff4946b6f3568be8804ae556f9c24d9c2cfae53078b.jpg?v=1784368181,UNKNOWN_WITHOUT_SHOPIFY_EXPORT,PUBLIC_JSON_MATCHED_TO_HANDLE,,VIEWED_CONTACT_SHEET_AND_LOCAL_FILE,2026-09-07T04:03:53+07:00,non-skid backing detail for pink mat,,non-skid backing detail for pink mat,SET,NEEDS_REVIEW,1,,,,,seo_runs/chillgen.com/chillgen_20260907_01/evidence/images/B031/personalized-classroom-doormat-with-custom-teacher-name-675f2e0900__img_03.jpg,alt_current_empty_in_public_json; media_export_url_unknown_without_shopify_export
B031-303,chillgen.com,personalized-classroom-doormat-with-custom-teacher-name-675f2e0900,15913423077745,80879121432945,GALLERY_PUBLIC_CDN,4,,https://cdn.shopify.com/s/files/1/1023/0068/0561/files/c446e919758e82a2220ecc543fbaa9a9d70bcc2dd46e98740e86c441c52b8962.jpg?v=1784368183,UNKNOWN_WITHOUT_SHOPIFY_EXPORT,PUBLIC_JSON_MATCHED_TO_HANDLE,,VIEWED_CONTACT_SHEET_AND_LOCAL_FILE,2026-09-07T04:03:53+07:00,pink classroom doormat size chart,,pink classroom doormat size chart,SET,NEEDS_REVIEW,1,,,,,seo_runs/chillgen.com/chillgen_20260907_01/evidence/images/B031/personalized-classroom-doormat-with-custom-teacher-name-675f2e0900__img_04.jpg,alt_current_empty_in_public_json; media_export_url_unknown_without_shopify_export
B031-303,chillgen.com,personalized-classroom-doormat-with-custom-teacher-name-675f2e0900,15913423077745,80879121465713,GALLERY_PUBLIC_CDN,5,,https://cdn.shopify.com/s/files/1/1023/0068/0561/files/d3420b1ca807ac02e710c8c507c8cfaa8e15ea9b94dda0b97dcc15e3409286c4.jpg?v=1784368187,UNKNOWN_WITHOUT_SHOPIFY_EXPORT,PUBLIC_JSON_MATCHED_TO_HANDLE,,VIEWED_CONTACT_SHEET_AND_LOCAL_FILE,2026-09-07T04:03:53+07:00,classroom mat use location panel,,classroom mat use location panel,SET,NEEDS_REVIEW,1,,,,,seo_runs/chillgen.com/chillgen_20260907_01/evidence/images/B031/personalized-classroom-doormat-with-custom-teacher-name-675f2e0900__img_05.jpg,alt_current_empty_in_public_json; media_export_url_unknown_without_shopify_export
B031-303,chillgen.com,personalized-classroom-doormat-with-custom-teacher-name-675f2e0900,15913423077745,80879121498481,GALLERY_PUBLIC_CDN,6,,https://cdn.shopify.com/s/files/1/1023/0068/0561/files/9698b892950602b942046b72927ba08b986c70010d341c0ba7c66ce06a115c1b.jpg?v=1784368188,UNKNOWN_WITHOUT_SHOPIFY_EXPORT,PUBLIC_JSON_MATCHED_TO_HANDLE,,VIEWED_CONTACT_SHEET_AND_LOCAL_FILE,2026-09-07T04:03:53+07:00,personalized teacher mat held by couple,,personalized teacher mat held by couple,SET,NEEDS_REVIEW,1,,,,,seo_runs/chillgen.com/chillgen_20260907_01/evidence/images/B031/personalized-classroom-doormat-with-custom-teacher-name-675f2e0900__img_06.jpg,alt_current_empty_in_public_json; media_export_url_unknown_without_shopify_export
B031-303,chillgen.com,personalized-classroom-doormat-with-custom-teacher-name-675f2e0900,15913423077745,80879121531249,GALLERY_PUBLIC_CDN,7,,https://cdn.shopify.com/s/files/1/1023/0068/0561/files/03a4c9644feb95fb5aef6162c0c4722a4f7e98a4678137997b556e9bc9e7784d.jpg?v=1784368192,UNKNOWN_WITHOUT_SHOPIFY_EXPORT,PUBLIC_JSON_MATCHED_TO_HANDLE,,VIEWED_CONTACT_SHEET_AND_LOCAL_FILE,2026-09-07T04:03:53+07:00,pink classroom mat at doorway with dog,,pink classroom mat at doorway with dog,SET,NEEDS_REVIEW,1,,,,,seo_runs/chillgen.com/chillgen_20260907_01/evidence/images/B031/personalized-classroom-doormat-with-custom-teacher-name-675f2e0900__img_07.jpg,alt_current_empty_in_public_json; media_export_url_unknown_without_shopify_export
B031-304,chillgen.com,personalized-classroom-welcome-doormat-2820e17d05-2820e17d05,15913423176049,80879122088305,GALLERY_PUBLIC_CDN,1,,https://cdn.shopify.com/s/files/1/1023/0068/0561/files/85859d88d49ca2dd22d7de390edc11d6654f9d08c081d6e1581fb3301bca2b17_ac65ebcb-3971-4e9c-841b-861e813d46a3.jpg?v=1784368154,UNKNOWN_WITHOUT_SHOPIFY_EXPORT,PUBLIC_JSON_MATCHED_TO_HANDLE,,VIEWED_CONTACT_SHEET_AND_LOCAL_FILE,2026-09-07T04:03:53+07:00,red doodle classroom mat flat view,,red doodle classroom mat flat view,SET,NEEDS_REVIEW,1,,,,,seo_runs/chillgen.com/chillgen_20260907_01/evidence/images/B031/personalized-classroom-welcome-doormat-2820e17d05-2820e17d05__img_01.jpg,alt_current_empty_in_public_json; media_export_url_unknown_without_shopify_export
B031-304,chillgen.com,personalized-classroom-welcome-doormat-2820e17d05-2820e17d05,15913423176049,80879122121073,GALLERY_PUBLIC_CDN,2,,https://cdn.shopify.com/s/files/1/1023/0068/0561/files/f71016a31835dc96492bb7922d867a6d64fb39dab1a316d3b3f27288fc53eb79_a88e0a6e-1ec7-4a40-bb07-c1292ffee80c.jpg?v=1784368159,UNKNOWN_WITHOUT_SHOPIFY_EXPORT,PUBLIC_JSON_MATCHED_TO_HANDLE,,VIEWED_CONTACT_SHEET_AND_LOCAL_FILE,2026-09-07T04:03:53+07:00,red teacher mat in room,,red teacher mat in room,SET,NEEDS_REVIEW,1,,,,,seo_runs/chillgen.com/chillgen_20260907_01/evidence/images/B031/personalized-classroom-welcome-doormat-2820e17d05-2820e17d05__img_02.jpg,alt_current_empty_in_public_json; media_export_url_unknown_without_shopify_export
B031-304,chillgen.com,personalized-classroom-welcome-doormat-2820e17d05-2820e17d05,15913423176049,80879122153841,GALLERY_PUBLIC_CDN,3,,https://cdn.shopify.com/s/files/1/1023/0068/0561/files/ee2f884db28e02e529b6bf2516091d60f09059e86738cfdf911f268ce94aa9f4_0afe29f7-8ee3-4609-a4ae-5120c76f1c87.jpg?v=1784368159,UNKNOWN_WITHOUT_SHOPIFY_EXPORT,PUBLIC_JSON_MATCHED_TO_HANDLE,,VIEWED_CONTACT_SHEET_AND_LOCAL_FILE,2026-09-07T04:03:53+07:00,non-skid backing detail for classroom mat,,non-skid backing detail for classroom mat,SET,NEEDS_REVIEW,1,,,,,seo_runs/chillgen.com/chillgen_20260907_01/evidence/images/B031/personalized-classroom-welcome-doormat-2820e17d05-2820e17d05__img_03.jpg,alt_current_empty_in_public_json; media_export_url_unknown_without_shopify_export
B031-304,chillgen.com,personalized-classroom-welcome-doormat-2820e17d05-2820e17d05,15913423176049,80879122186609,GALLERY_PUBLIC_CDN,4,,https://cdn.shopify.com/s/files/1/1023/0068/0561/files/025c553a665b0157057f6f94bad4d59b373a4f77c1c7d598639e397fdeb0c7fb_2ea35f8c-4096-4738-b41a-5783861a9de8.jpg?v=1784368165,UNKNOWN_WITHOUT_SHOPIFY_EXPORT,PUBLIC_JSON_MATCHED_TO_HANDLE,,VIEWED_CONTACT_SHEET_AND_LOCAL_FILE,2026-09-07T04:03:53+07:00,red classroom doormat size chart,,red classroom doormat size chart,SET,NEEDS_REVIEW,1,,,,,seo_runs/chillgen.com/chillgen_20260907_01/evidence/images/B031/personalized-classroom-welcome-doormat-2820e17d05-2820e17d05__img_04.jpg,alt_current_empty_in_public_json; media_export_url_unknown_without_shopify_export
B031-304,chillgen.com,personalized-classroom-welcome-doormat-2820e17d05-2820e17d05,15913423176049,80879122219377,GALLERY_PUBLIC_CDN,5,,https://cdn.shopify.com/s/files/1/1023/0068/0561/files/637e1dcf2f62037f4680a3976f49127f8ee4312590a4f1d65bf1e3321c84f536_d6b77e48-4917-4c1b-8c8b-150e9a1350d4.jpg?v=1784368165,UNKNOWN_WITHOUT_SHOPIFY_EXPORT,PUBLIC_JSON_MATCHED_TO_HANDLE,,VIEWED_CONTACT_SHEET_AND_LOCAL_FILE,2026-09-07T04:03:53+07:00,red classroom mat use location panel,,red classroom mat use location panel,SET,NEEDS_REVIEW,1,,,,,seo_runs/chillgen.com/chillgen_20260907_01/evidence/images/B031/personalized-classroom-welcome-doormat-2820e17d05-2820e17d05__img_05.jpg,alt_current_empty_in_public_json; media_export_url_unknown_without_shopify_export
B031-304,chillgen.com,personalized-classroom-welcome-doormat-2820e17d05-2820e17d05,15913423176049,80879122252145,GALLERY_PUBLIC_CDN,6,,https://cdn.shopify.com/s/files/1/1023/0068/0561/files/3729448d2032328a86f61737657c86faf6a463789e52a2be8bbdf0d14300b465_77c2a527-49be-4db5-8dcb-ea257a501720.jpg?v=1784368170,UNKNOWN_WITHOUT_SHOPIFY_EXPORT,PUBLIC_JSON_MATCHED_TO_HANDLE,,VIEWED_CONTACT_SHEET_AND_LOCAL_FILE,2026-09-07T04:03:53+07:00,personalized teacher mat held by couple,,personalized teacher mat held by couple,SET,NEEDS_REVIEW,1,,,,,seo_runs/chillgen.com/chillgen_20260907_01/evidence/images/B031/personalized-classroom-welcome-doormat-2820e17d05-2820e17d05__img_06.jpg,alt_current_empty_in_public_json; media_export_url_unknown_without_shopify_export
B031-304,chillgen.com,personalized-classroom-welcome-doormat-2820e17d05-2820e17d05,15913423176049,80879122284913,GALLERY_PUBLIC_CDN,7,,https://cdn.shopify.com/s/files/1/1023/0068/0561/files/de067855260d3be70ca56cfdd71b06354edc47f9782a3f7ffdb445a6de094c56_3f32cd80-ef41-43e7-81d6-a5e8556d38da.jpg?v=1784368171,UNKNOWN_WITHOUT_SHOPIFY_EXPORT,PUBLIC_JSON_MATCHED_TO_HANDLE,,VIEWED_CONTACT_SHEET_AND_LOCAL_FILE,2026-09-07T04:03:53+07:00,red classroom mat at doorway with dog,,red classroom mat at doorway with dog,SET,NEEDS_REVIEW,1,,,,,seo_runs/chillgen.com/chillgen_20260907_01/evidence/images/B031/personalized-classroom-welcome-doormat-2820e17d05-2820e17d05__img_07.jpg,alt_current_empty_in_public_json; media_export_url_unknown_without_shopify_export
B031-305,chillgen.com,personalized-classroom-doormat-welcome-to-class-door-mat-1086025b51,15913423339889,80879123923313,GALLERY_PUBLIC_CDN,1,,https://cdn.shopify.com/s/files/1/1023/0068/0561/files/039555d8114d9a18440f0c2bd3beb296f02977e70b1fba983f686c28edc32bc6.jpg?v=1784368138,UNKNOWN_WITHOUT_SHOPIFY_EXPORT,PUBLIC_JSON_MATCHED_TO_HANDLE,,VIEWED_CONTACT_SHEET_AND_LOCAL_FILE,2026-09-07T04:03:53+07:00,green classroom doormat flat view,,green classroom doormat flat view,SET,NEEDS_REVIEW,1,,,,,seo_runs/chillgen.com/chillgen_20260907_01/evidence/images/B031/personalized-classroom-doormat-welcome-to-class-door-mat-1086025b51__img_01.jpg,alt_current_empty_in_public_json; media_export_url_unknown_without_shopify_export
B031-305,chillgen.com,personalized-classroom-doormat-welcome-to-class-door-mat-1086025b51,15913423339889,80879123956081,GALLERY_PUBLIC_CDN,2,,https://cdn.shopify.com/s/files/1/1023/0068/0561/files/f7c6712505aa25224b43c3b85858a908273d924e18f7220c5be684b78c6f16d6.jpg?v=1784368138,UNKNOWN_WITHOUT_SHOPIFY_EXPORT,PUBLIC_JSON_MATCHED_TO_HANDLE,,VIEWED_CONTACT_SHEET_AND_LOCAL_FILE,2026-09-07T04:03:53+07:00,green teacher name mat in room,,green teacher name mat in room,SET,NEEDS_REVIEW,1,,,,,seo_runs/chillgen.com/chillgen_20260907_01/evidence/images/B031/personalized-classroom-doormat-welcome-to-class-door-mat-1086025b51__img_02.jpg,alt_current_empty_in_public_json; media_export_url_unknown_without_shopify_export
B031-305,chillgen.com,personalized-classroom-doormat-welcome-to-class-door-mat-1086025b51,15913423339889,80879123988849,GALLERY_PUBLIC_CDN,3,,https://cdn.shopify.com/s/files/1/1023/0068/0561/files/73285e734e1ddcbe345749f0cd431c313bb704d64a359ba1a21154df27c4136d.jpg?v=1784368144,UNKNOWN_WITHOUT_SHOPIFY_EXPORT,PUBLIC_JSON_MATCHED_TO_HANDLE,,VIEWED_CONTACT_SHEET_AND_LOCAL_FILE,2026-09-07T04:03:53+07:00,non-skid backing detail for green mat,,non-skid backing detail for green mat,SET,NEEDS_REVIEW,1,,,,,seo_runs/chillgen.com/chillgen_20260907_01/evidence/images/B031/personalized-classroom-doormat-welcome-to-class-door-mat-1086025b51__img_03.jpg,alt_current_empty_in_public_json; media_export_url_unknown_without_shopify_export
B031-305,chillgen.com,personalized-classroom-doormat-welcome-to-class-door-mat-1086025b51,15913423339889,80879124021617,GALLERY_PUBLIC_CDN,4,,https://cdn.shopify.com/s/files/1/1023/0068/0561/files/fb59d56b5bca7019871ca9308f5c1e3a9cc4c82127fdec6efc79408230381c70.jpg?v=1784368143,UNKNOWN_WITHOUT_SHOPIFY_EXPORT,PUBLIC_JSON_MATCHED_TO_HANDLE,,VIEWED_CONTACT_SHEET_AND_LOCAL_FILE,2026-09-07T04:03:53+07:00,green classroom doormat size chart,,green classroom doormat size chart,SET,NEEDS_REVIEW,1,,,,,seo_runs/chillgen.com/chillgen_20260907_01/evidence/images/B031/personalized-classroom-doormat-welcome-to-class-door-mat-1086025b51__img_04.jpg,alt_current_empty_in_public_json; media_export_url_unknown_without_shopify_export
B031-305,chillgen.com,personalized-classroom-doormat-welcome-to-class-door-mat-1086025b51,15913423339889,80879124054385,GALLERY_PUBLIC_CDN,5,,https://cdn.shopify.com/s/files/1/1023/0068/0561/files/1a1ccb70ba0743db0dac1fa1e0a31a6794cf821b1c63013eb0c65adc9684e88d.jpg?v=1784368148,UNKNOWN_WITHOUT_SHOPIFY_EXPORT,PUBLIC_JSON_MATCHED_TO_HANDLE,,VIEWED_CONTACT_SHEET_AND_LOCAL_FILE,2026-09-07T04:03:53+07:00,classroom mat use location panel,,classroom mat use location panel,SET,NEEDS_REVIEW,1,,,,,seo_runs/chillgen.com/chillgen_20260907_01/evidence/images/B031/personalized-classroom-doormat-welcome-to-class-door-mat-1086025b51__img_05.jpg,alt_current_empty_in_public_json; media_export_url_unknown_without_shopify_export
B031-305,chillgen.com,personalized-classroom-doormat-welcome-to-class-door-mat-1086025b51,15913423339889,80879124087153,GALLERY_PUBLIC_CDN,6,,https://cdn.shopify.com/s/files/1/1023/0068/0561/files/4ab12b7fe46f5674daaf393b55f761048dc19b5fd5f3f7c164178cb907b343d9.jpg?v=1784368148,UNKNOWN_WITHOUT_SHOPIFY_EXPORT,PUBLIC_JSON_MATCHED_TO_HANDLE,,VIEWED_CONTACT_SHEET_AND_LOCAL_FILE,2026-09-07T04:03:53+07:00,personalized green teacher mat held,,personalized green teacher mat held,SET,NEEDS_REVIEW,1,,,,,seo_runs/chillgen.com/chillgen_20260907_01/evidence/images/B031/personalized-classroom-doormat-welcome-to-class-door-mat-1086025b51__img_06.jpg,alt_current_empty_in_public_json; media_export_url_unknown_without_shopify_export
B031-305,chillgen.com,personalized-classroom-doormat-welcome-to-class-door-mat-1086025b51,15913423339889,80879124119921,GALLERY_PUBLIC_CDN,7,,https://cdn.shopify.com/s/files/1/1023/0068/0561/files/456971d304ab4684b0b22cbbd5fd13dbd826d569ea138e72d3945fcb472fcc86.jpg?v=1784368154,UNKNOWN_WITHOUT_SHOPIFY_EXPORT,PUBLIC_JSON_MATCHED_TO_HANDLE,,VIEWED_CONTACT_SHEET_AND_LOCAL_FILE,2026-09-07T04:03:53+07:00,green classroom mat at doorway with dog,,green classroom mat at doorway with dog,SET,NEEDS_REVIEW,1,,,,,seo_runs/chillgen.com/chillgen_20260907_01/evidence/images/B031/personalized-classroom-doormat-welcome-to-class-door-mat-1086025b51__img_07.jpg,alt_current_empty_in_public_json; media_export_url_unknown_without_shopify_export
B031-306,chillgen.com,personalized-classroom-doormat-custom-teacher-name-753f4f3532-753f4f3532,15913423470961,80879125004657,GALLERY_PUBLIC_CDN,1,,https://cdn.shopify.com/s/files/1/1023/0068/0561/files/902ed7fca2556c1a9eab9ef8dec58be56d2ceb52e426100177372acf7523e61a_186fb05f-329a-41a5-8ff1-1b81a4fb95f3.jpg?v=1784368116,UNKNOWN_WITHOUT_SHOPIFY_EXPORT,PUBLIC_JSON_MATCHED_TO_HANDLE,,VIEWED_CONTACT_SHEET_AND_LOCAL_FILE,2026-09-07T04:03:53+07:00,You Are classroom mat flat view,,You Are classroom mat flat view,SET,NEEDS_REVIEW,1,,,,,seo_runs/chillgen.com/chillgen_20260907_01/evidence/images/B031/personalized-classroom-doormat-custom-teacher-name-753f4f3532-753f4f3532__img_01.jpg,alt_current_empty_in_public_json; media_export_url_unknown_without_shopify_export
B031-306,chillgen.com,personalized-classroom-doormat-custom-teacher-name-753f4f3532-753f4f3532,15913423470961,80879125037425,GALLERY_PUBLIC_CDN,2,,https://cdn.shopify.com/s/files/1/1023/0068/0561/files/36cccf8e9c9a89fcd67104418502323a18d94962834735579d1ce1fd56c1bba0_1c88a48d-8ba2-4ec8-941b-82972b4bce96.jpg?v=1784368120,UNKNOWN_WITHOUT_SHOPIFY_EXPORT,PUBLIC_JSON_MATCHED_TO_HANDLE,,VIEWED_CONTACT_SHEET_AND_LOCAL_FILE,2026-09-07T04:03:53+07:00,affirmation teacher mat in room,,affirmation teacher mat in room,SET,NEEDS_REVIEW,1,,,,,seo_runs/chillgen.com/chillgen_20260907_01/evidence/images/B031/personalized-classroom-doormat-custom-teacher-name-753f4f3532-753f4f3532__img_02.jpg,alt_current_empty_in_public_json; media_export_url_unknown_without_shopify_export
B031-306,chillgen.com,personalized-classroom-doormat-custom-teacher-name-753f4f3532-753f4f3532,15913423470961,80879125070193,GALLERY_PUBLIC_CDN,3,,https://cdn.shopify.com/s/files/1/1023/0068/0561/files/f18c1c1ad1bee7621d14ff87e590b55f60319e3f5dd92855889bcecf697ecd8b_a00870a7-ba0b-43d6-ade8-11aedbcdbc06.jpg?v=1784368121,UNKNOWN_WITHOUT_SHOPIFY_EXPORT,PUBLIC_JSON_MATCHED_TO_HANDLE,,VIEWED_CONTACT_SHEET_AND_LOCAL_FILE,2026-09-07T04:03:53+07:00,non-skid backing detail for affirmation mat,,non-skid backing detail for affirmation mat,SET,NEEDS_REVIEW,1,,,,,seo_runs/chillgen.com/chillgen_20260907_01/evidence/images/B031/personalized-classroom-doormat-custom-teacher-name-753f4f3532-753f4f3532__img_03.jpg,alt_current_empty_in_public_json; media_export_url_unknown_without_shopify_export
B031-306,chillgen.com,personalized-classroom-doormat-custom-teacher-name-753f4f3532-753f4f3532,15913423470961,80879125102961,GALLERY_PUBLIC_CDN,4,,https://cdn.shopify.com/s/files/1/1023/0068/0561/files/42e8254a156fc435d0e676dc264d65290fdd6099600128a88cad7ced1163ab38_6e89f1bc-744f-47cf-9f22-48311b591d26.jpg?v=1784368126,UNKNOWN_WITHOUT_SHOPIFY_EXPORT,PUBLIC_JSON_MATCHED_TO_HANDLE,,VIEWED_CONTACT_SHEET_AND_LOCAL_FILE,2026-09-07T04:03:53+07:00,You Are classroom doormat size chart,,You Are classroom doormat size chart,SET,NEEDS_REVIEW,1,,,,,seo_runs/chillgen.com/chillgen_20260907_01/evidence/images/B031/personalized-classroom-doormat-custom-teacher-name-753f4f3532-753f4f3532__img_04.jpg,alt_current_empty_in_public_json; media_export_url_unknown_without_shopify_export
B031-306,chillgen.com,personalized-classroom-doormat-custom-teacher-name-753f4f3532-753f4f3532,15913423470961,80879125135729,GALLERY_PUBLIC_CDN,5,,https://cdn.shopify.com/s/files/1/1023/0068/0561/files/a952744b45c5fa7ab22f9a260075e633beff0901e3f4edb9c33aae900015be98_47d61b97-ac78-4d34-b9fa-84b683234a26.jpg?v=1784368127,UNKNOWN_WITHOUT_SHOPIFY_EXPORT,PUBLIC_JSON_MATCHED_TO_HANDLE,,VIEWED_CONTACT_SHEET_AND_LOCAL_FILE,2026-09-07T04:03:53+07:00,classroom affirmation mat use panel,,classroom affirmation mat use panel,SET,NEEDS_REVIEW,1,,,,,seo_runs/chillgen.com/chillgen_20260907_01/evidence/images/B031/personalized-classroom-doormat-custom-teacher-name-753f4f3532-753f4f3532__img_05.jpg,alt_current_empty_in_public_json; media_export_url_unknown_without_shopify_export
B031-306,chillgen.com,personalized-classroom-doormat-custom-teacher-name-753f4f3532-753f4f3532,15913423470961,80879125168497,GALLERY_PUBLIC_CDN,6,,https://cdn.shopify.com/s/files/1/1023/0068/0561/files/0b7895f9181f0d8773bc166d00ea9a758778fd1e665b81570ff350cd7779b518_4d3725f4-7868-450a-8bb7-00f6cb900f3b.jpg?v=1784368132,UNKNOWN_WITHOUT_SHOPIFY_EXPORT,PUBLIC_JSON_MATCHED_TO_HANDLE,,VIEWED_CONTACT_SHEET_AND_LOCAL_FILE,2026-09-07T04:03:53+07:00,personalized teacher affirmation mat held,,personalized teacher affirmation mat held,SET,NEEDS_REVIEW,1,,,,,seo_runs/chillgen.com/chillgen_20260907_01/evidence/images/B031/personalized-classroom-doormat-custom-teacher-name-753f4f3532-753f4f3532__img_06.jpg,alt_current_empty_in_public_json; media_export_url_unknown_without_shopify_export
B031-306,chillgen.com,personalized-classroom-doormat-custom-teacher-name-753f4f3532-753f4f3532,15913423470961,80879125201265,GALLERY_PUBLIC_CDN,7,,https://cdn.shopify.com/s/files/1/1023/0068/0561/files/5f92f077b06dc012f06e7a12f6141ce65e097edaa619623b57d9e3b40852d451_18501dcb-6761-42b0-8793-ab578e9932ce.jpg?v=1784368133,UNKNOWN_WITHOUT_SHOPIFY_EXPORT,PUBLIC_JSON_MATCHED_TO_HANDLE,,VIEWED_CONTACT_SHEET_AND_LOCAL_FILE,2026-09-07T04:03:53+07:00,You Are classroom mat at doorway,,You Are classroom mat at doorway,SET,NEEDS_REVIEW,1,,,,,seo_runs/chillgen.com/chillgen_20260907_01/evidence/images/B031/personalized-classroom-doormat-custom-teacher-name-753f4f3532-753f4f3532__img_07.jpg,alt_current_empty_in_public_json; media_export_url_unknown_without_shopify_export
B031-307,chillgen.com,personalized-classroom-welcome-doormat-3d9f3ec373,15913423536497,80879126380913,GALLERY_PUBLIC_CDN,1,,https://cdn.shopify.com/s/files/1/1023/0068/0561/files/00da7b616c9354e17d8a98bc3b02e8ab143f94bd7fc5372b0e8c6e824f51c0e4_ad75b31a-f31a-49b7-a4dc-5d9d016412d1.jpg?v=1784368099,UNKNOWN_WITHOUT_SHOPIFY_EXPORT,PUBLIC_JSON_MATCHED_TO_HANDLE,,VIEWED_CONTACT_SHEET_AND_LOCAL_FILE,2026-09-07T04:03:53+07:00,Everyone Welcome Here mat flat view,,Everyone Welcome Here mat flat view,SET,NEEDS_REVIEW,1,,,,,seo_runs/chillgen.com/chillgen_20260907_01/evidence/images/B031/personalized-classroom-welcome-doormat-3d9f3ec373__img_01.jpg,alt_current_empty_in_public_json; media_export_url_unknown_without_shopify_export
B031-307,chillgen.com,personalized-classroom-welcome-doormat-3d9f3ec373,15913423536497,80879126413681,GALLERY_PUBLIC_CDN,2,,https://cdn.shopify.com/s/files/1/1023/0068/0561/files/7e4e545494fa973a507f5d337a4b267cae70eb4151458cf2d238da2043f5a012_b986a32d-b94a-4482-8a8a-c24bc8f6053d.jpg?v=1784368100,UNKNOWN_WITHOUT_SHOPIFY_EXPORT,PUBLIC_JSON_MATCHED_TO_HANDLE,,VIEWED_CONTACT_SHEET_AND_LOCAL_FILE,2026-09-07T04:03:53+07:00,teacher name welcome mat in room,,teacher name welcome mat in room,SET,NEEDS_REVIEW,1,,,,,seo_runs/chillgen.com/chillgen_20260907_01/evidence/images/B031/personalized-classroom-welcome-doormat-3d9f3ec373__img_02.jpg,alt_current_empty_in_public_json; media_export_url_unknown_without_shopify_export
B031-307,chillgen.com,personalized-classroom-welcome-doormat-3d9f3ec373,15913423536497,80879126446449,GALLERY_PUBLIC_CDN,3,,https://cdn.shopify.com/s/files/1/1023/0068/0561/files/b0c539d69c92bd4edff1ff44eeb6e037ca6d51902f91ad40fa2a5b27ed6cf3b1_925373c5-758f-4af8-ba11-1601a1ea8fd7.jpg?v=1784368104,UNKNOWN_WITHOUT_SHOPIFY_EXPORT,PUBLIC_JSON_MATCHED_TO_HANDLE,,VIEWED_CONTACT_SHEET_AND_LOCAL_FILE,2026-09-07T04:03:53+07:00,non-skid backing detail for welcome mat,,non-skid backing detail for welcome mat,SET,NEEDS_REVIEW,1,,,,,seo_runs/chillgen.com/chillgen_20260907_01/evidence/images/B031/personalized-classroom-welcome-doormat-3d9f3ec373__img_03.jpg,alt_current_empty_in_public_json; media_export_url_unknown_without_shopify_export
B031-307,chillgen.com,personalized-classroom-welcome-doormat-3d9f3ec373,15913423536497,80879126479217,GALLERY_PUBLIC_CDN,4,,https://cdn.shopify.com/s/files/1/1023/0068/0561/files/fa23809d40e7b3cf6dd9c96e672dc6a77443230dfa7501102480a7d17210e4da_bebe32bb-159a-43bf-886e-a0fb740efa6e.jpg?v=1784368105,UNKNOWN_WITHOUT_SHOPIFY_EXPORT,PUBLIC_JSON_MATCHED_TO_HANDLE,,VIEWED_CONTACT_SHEET_AND_LOCAL_FILE,2026-09-07T04:03:53+07:00,Everyone Welcome mat size chart,,Everyone Welcome mat size chart,SET,NEEDS_REVIEW,1,,,,,seo_runs/chillgen.com/chillgen_20260907_01/evidence/images/B031/personalized-classroom-welcome-doormat-3d9f3ec373__img_04.jpg,alt_current_empty_in_public_json; media_export_url_unknown_without_shopify_export
B031-307,chillgen.com,personalized-classroom-welcome-doormat-3d9f3ec373,15913423536497,80879126511985,GALLERY_PUBLIC_CDN,5,,https://cdn.shopify.com/s/files/1/1023/0068/0561/files/e98e4ee06f6bccca75211de50dca1fc0974cb283b27a142f2e87d58fba52d904_26cf5d8c-50e7-4ff8-812c-2b074541711b.jpg?v=1784368110,UNKNOWN_WITHOUT_SHOPIFY_EXPORT,PUBLIC_JSON_MATCHED_TO_HANDLE,,VIEWED_CONTACT_SHEET_AND_LOCAL_FILE,2026-09-07T04:03:53+07:00,classroom mat use location panel,,classroom mat use location panel,SET,NEEDS_REVIEW,1,,,,,seo_runs/chillgen.com/chillgen_20260907_01/evidence/images/B031/personalized-classroom-welcome-doormat-3d9f3ec373__img_05.jpg,alt_current_empty_in_public_json; media_export_url_unknown_without_shopify_export
B031-307,chillgen.com,personalized-classroom-welcome-doormat-3d9f3ec373,15913423536497,80879126544753,GALLERY_PUBLIC_CDN,6,,https://cdn.shopify.com/s/files/1/1023/0068/0561/files/41a59e23e6a80c82193bef02af4bc06ef19197b19af6f0125e485c37809f0af5_ac1d3cc5-0ee7-47af-bb15-ecacd47936a5.jpg?v=1784368110,UNKNOWN_WITHOUT_SHOPIFY_EXPORT,PUBLIC_JSON_MATCHED_TO_HANDLE,,VIEWED_CONTACT_SHEET_AND_LOCAL_FILE,2026-09-07T04:03:53+07:00,personalized welcome mat held by couple,,personalized welcome mat held by couple,SET,NEEDS_REVIEW,1,,,,,seo_runs/chillgen.com/chillgen_20260907_01/evidence/images/B031/personalized-classroom-welcome-doormat-3d9f3ec373__img_06.jpg,alt_current_empty_in_public_json; media_export_url_unknown_without_shopify_export
B031-307,chillgen.com,personalized-classroom-welcome-doormat-3d9f3ec373,15913423536497,80879126577521,GALLERY_PUBLIC_CDN,7,,https://cdn.shopify.com/s/files/1/1023/0068/0561/files/0bd42670896f60cb50850342cd7796de9226249db1a180efb198c22dafc82844_9b1eb828-7344-4449-b62c-0aa50d43b2fb.jpg?v=1784368115,UNKNOWN_WITHOUT_SHOPIFY_EXPORT,PUBLIC_JSON_MATCHED_TO_HANDLE,,VIEWED_CONTACT_SHEET_AND_LOCAL_FILE,2026-09-07T04:03:53+07:00,Everyone Welcome mat at doorway with dog,,Everyone Welcome mat at doorway with dog,SET,NEEDS_REVIEW,1,,,,,seo_runs/chillgen.com/chillgen_20260907_01/evidence/images/B031/personalized-classroom-welcome-doormat-3d9f3ec373__img_07.jpg,alt_current_empty_in_public_json; media_export_url_unknown_without_shopify_export
B031-308,chillgen.com,personalized-classroom-doormat-teacher-notebook-a1ca00cc38-a1ca00cc38,15913423733105,80879127888241,GALLERY_PUBLIC_CDN,1,,https://cdn.shopify.com/s/files/1/1023/0068/0561/files/c2095ef4c06381e02a1d83f58942197f86ddc0a0fcfa5513268f60c9d5a74621.jpg?v=1784368077,UNKNOWN_WITHOUT_SHOPIFY_EXPORT,PUBLIC_JSON_MATCHED_TO_HANDLE,,VIEWED_CONTACT_SHEET_AND_LOCAL_FILE,2026-09-07T04:03:53+07:00,pastel teacher notebook mat held by person,,pastel teacher notebook mat held by person,SET,NEEDS_REVIEW,1,,,,,seo_runs/chillgen.com/chillgen_20260907_01/evidence/images/B031/personalized-classroom-doormat-teacher-notebook-a1ca00cc38-a1ca00cc38__img_01.jpg,alt_current_empty_in_public_json; media_export_url_unknown_without_shopify_export
B031-308,chillgen.com,personalized-classroom-doormat-teacher-notebook-a1ca00cc38-a1ca00cc38,15913423733105,80879127855473,GALLERY_PUBLIC_CDN,2,,https://cdn.shopify.com/s/files/1/1023/0068/0561/files/03512e9910d17370690a9675db62ba6291dcc2934acb2885ed57b15109de0f64.jpg?v=1784368077,UNKNOWN_WITHOUT_SHOPIFY_EXPORT,PUBLIC_JSON_MATCHED_TO_HANDLE,,VIEWED_CONTACT_SHEET_AND_LOCAL_FILE,2026-09-07T04:03:53+07:00,pastel classroom mat flat view,,pastel classroom mat flat view,SET,NEEDS_REVIEW,1,,,,,seo_runs/chillgen.com/chillgen_20260907_01/evidence/images/B031/personalized-classroom-doormat-teacher-notebook-a1ca00cc38-a1ca00cc38__img_02.jpg,alt_current_empty_in_public_json; media_export_url_unknown_without_shopify_export
B031-308,chillgen.com,personalized-classroom-doormat-teacher-notebook-a1ca00cc38-a1ca00cc38,15913423733105,80879127921009,GALLERY_PUBLIC_CDN,3,,https://cdn.shopify.com/s/files/1/1023/0068/0561/files/9a0470dd747d25627b610cdaf5a789ab8203f0842c39fd9483ba14372d5b6f72.jpg?v=1784368082,UNKNOWN_WITHOUT_SHOPIFY_EXPORT,PUBLIC_JSON_MATCHED_TO_HANDLE,,VIEWED_CONTACT_SHEET_AND_LOCAL_FILE,2026-09-07T04:03:53+07:00,students entering classroom with pastel mat,,students entering classroom with pastel mat,SET,NEEDS_REVIEW,1,,,,,seo_runs/chillgen.com/chillgen_20260907_01/evidence/images/B031/personalized-classroom-doormat-teacher-notebook-a1ca00cc38-a1ca00cc38__img_03.jpg,alt_current_empty_in_public_json; media_export_url_unknown_without_shopify_export
B031-308,chillgen.com,personalized-classroom-doormat-teacher-notebook-a1ca00cc38-a1ca00cc38,15913423733105,80879127953777,GALLERY_PUBLIC_CDN,4,,https://cdn.shopify.com/s/files/1/1023/0068/0561/files/4e85625539d0bd177be060de35e60b58f411babd2198c981f0d4c12a9e23b653.jpg?v=1784368083,UNKNOWN_WITHOUT_SHOPIFY_EXPORT,PUBLIC_JSON_MATCHED_TO_HANDLE,,VIEWED_CONTACT_SHEET_AND_LOCAL_FILE,2026-09-07T04:03:53+07:00,non-skid backing detail for pastel mat,,non-skid backing detail for pastel mat,SET,NEEDS_REVIEW,1,,,,,seo_runs/chillgen.com/chillgen_20260907_01/evidence/images/B031/personalized-classroom-doormat-teacher-notebook-a1ca00cc38-a1ca00cc38__img_04.jpg,alt_current_empty_in_public_json; media_export_url_unknown_without_shopify_export
B031-308,chillgen.com,personalized-classroom-doormat-teacher-notebook-a1ca00cc38-a1ca00cc38,15913423733105,80879127986545,GALLERY_PUBLIC_CDN,5,,https://cdn.shopify.com/s/files/1/1023/0068/0561/files/13acecb50b457a332e88fe7e4ca3f53413a0ece8c47dff728e32d1f134704b02.jpg?v=1784368088,UNKNOWN_WITHOUT_SHOPIFY_EXPORT,PUBLIC_JSON_MATCHED_TO_HANDLE,,VIEWED_CONTACT_SHEET_AND_LOCAL_FILE,2026-09-07T04:03:53+07:00,pastel classroom welcome mat at entrance,,pastel classroom welcome mat at entrance,SET,NEEDS_REVIEW,1,,,,,seo_runs/chillgen.com/chillgen_20260907_01/evidence/images/B031/personalized-classroom-doormat-teacher-notebook-a1ca00cc38-a1ca00cc38__img_05.jpg,alt_current_empty_in_public_json; media_export_url_unknown_without_shopify_export
B031-308,chillgen.com,personalized-classroom-doormat-teacher-notebook-a1ca00cc38-a1ca00cc38,15913423733105,80879128019313,GALLERY_PUBLIC_CDN,6,,https://cdn.shopify.com/s/files/1/1023/0068/0561/files/dd050c06ff2264ef012e377b9dca777dd55481b581ee739acecaef85047280c3.jpg?v=1784368089,UNKNOWN_WITHOUT_SHOPIFY_EXPORT,PUBLIC_JSON_MATCHED_TO_HANDLE,,VIEWED_CONTACT_SHEET_AND_LOCAL_FILE,2026-09-07T04:03:53+07:00,pastel teacher mat at front door,,pastel teacher mat at front door,SET,NEEDS_REVIEW,1,,,,,seo_runs/chillgen.com/chillgen_20260907_01/evidence/images/B031/personalized-classroom-doormat-teacher-notebook-a1ca00cc38-a1ca00cc38__img_06.jpg,alt_current_empty_in_public_json; media_export_url_unknown_without_shopify_export
B031-308,chillgen.com,personalized-classroom-doormat-teacher-notebook-a1ca00cc38-a1ca00cc38,15913423733105,80879128052081,GALLERY_PUBLIC_CDN,7,,https://cdn.shopify.com/s/files/1/1023/0068/0561/files/dd9c41e47b7031031859123e2d134a75e4700c7c8eebdd2a2f2a5ff44b9342ac.jpg?v=1784368093,UNKNOWN_WITHOUT_SHOPIFY_EXPORT,PUBLIC_JSON_MATCHED_TO_HANDLE,,VIEWED_CONTACT_SHEET_AND_LOCAL_FILE,2026-09-07T04:03:53+07:00,teacher notebook mat on wood floor,,teacher notebook mat on wood floor,SET,NEEDS_REVIEW,1,,,,,seo_runs/chillgen.com/chillgen_20260907_01/evidence/images/B031/personalized-classroom-doormat-teacher-notebook-a1ca00cc38-a1ca00cc38__img_07.jpg,alt_current_empty_in_public_json; media_export_url_unknown_without_shopify_export
B031-308,chillgen.com,personalized-classroom-doormat-teacher-notebook-a1ca00cc38-a1ca00cc38,15913423733105,80879128084849,GALLERY_PUBLIC_CDN,8,,https://cdn.shopify.com/s/files/1/1023/0068/0561/files/2f3276320d55254090d04e70a37ebcec6ffbd639314712181c5252f3eb94f477.jpg?v=1784368094,UNKNOWN_WITHOUT_SHOPIFY_EXPORT,PUBLIC_JSON_MATCHED_TO_HANDLE,,VIEWED_CONTACT_SHEET_AND_LOCAL_FILE,2026-09-07T04:03:53+07:00,pastel classroom mat by white door,,pastel classroom mat by white door,SET,NEEDS_REVIEW,1,,,,,seo_runs/chillgen.com/chillgen_20260907_01/evidence/images/B031/personalized-classroom-doormat-teacher-notebook-a1ca00cc38-a1ca00cc38__img_08.jpg,alt_current_empty_in_public_json; media_export_url_unknown_without_shopify_export
B031-309,chillgen.com,personalized-classroom-doormat-welcome-to-class-door-mat-a74c09137b,15913423864177,80879128609137,GALLERY_PUBLIC_CDN,1,,https://cdn.shopify.com/s/files/1/1023/0068/0561/files/900badf8b2e7a0eb01f959a017c34b5d07f34b4222f28e590f5c7e6b0ac1072b_ca674f0d-0940-444a-b8e6-0848fbcb5425.jpg?v=1784368055,UNKNOWN_WITHOUT_SHOPIFY_EXPORT,PUBLIC_JSON_MATCHED_TO_HANDLE,,VIEWED_CONTACT_SHEET_AND_LOCAL_FILE,2026-09-07T04:03:53+07:00,school doodle welcome mat flat view,,school doodle welcome mat flat view,SET,NEEDS_REVIEW,1,,,,,seo_runs/chillgen.com/chillgen_20260907_01/evidence/images/B031/personalized-classroom-doormat-welcome-to-class-door-mat-a74c09137b__img_01.jpg,alt_current_empty_in_public_json; media_export_url_unknown_without_shopify_export
B031-309,chillgen.com,personalized-classroom-doormat-welcome-to-class-door-mat-a74c09137b,15913423864177,80879128641905,GALLERY_PUBLIC_CDN,2,,https://cdn.shopify.com/s/files/1/1023/0068/0561/files/34b74fbb5c3b1fea09f0679d4ef7223cacab90e7bffee53fc3faa68da23fe31b_db329f14-6f54-4aa0-a812-69ad0acf6452.jpg?v=1784368060,UNKNOWN_WITHOUT_SHOPIFY_EXPORT,PUBLIC_JSON_MATCHED_TO_HANDLE,,VIEWED_CONTACT_SHEET_AND_LOCAL_FILE,2026-09-07T04:03:53+07:00,teacher name doodle mat in room,,teacher name doodle mat in room,SET,NEEDS_REVIEW,1,,,,,seo_runs/chillgen.com/chillgen_20260907_01/evidence/images/B031/personalized-classroom-doormat-welcome-to-class-door-mat-a74c09137b__img_02.jpg,alt_current_empty_in_public_json; media_export_url_unknown_without_shopify_export
B031-309,chillgen.com,personalized-classroom-doormat-welcome-to-class-door-mat-a74c09137b,15913423864177,80879128674673,GALLERY_PUBLIC_CDN,3,,https://cdn.shopify.com/s/files/1/1023/0068/0561/files/32c796b4f50f5349fdb586c3bee7bf613c3eb8570a6b6eee89f89cd88ac1e202_6f5f49db-f383-4f6c-ae61-734c50ea6f5a.jpg?v=1784368060,UNKNOWN_WITHOUT_SHOPIFY_EXPORT,PUBLIC_JSON_MATCHED_TO_HANDLE,,VIEWED_CONTACT_SHEET_AND_LOCAL_FILE,2026-09-07T04:03:53+07:00,non-skid backing detail for doodle mat,,non-skid backing detail for doodle mat,SET,NEEDS_REVIEW,1,,,,,seo_runs/chillgen.com/chillgen_20260907_01/evidence/images/B031/personalized-classroom-doormat-welcome-to-class-door-mat-a74c09137b__img_03.jpg,alt_current_empty_in_public_json; media_export_url_unknown_without_shopify_export
B031-309,chillgen.com,personalized-classroom-doormat-welcome-to-class-door-mat-a74c09137b,15913423864177,80879128707441,GALLERY_PUBLIC_CDN,4,,https://cdn.shopify.com/s/files/1/1023/0068/0561/files/f6858cb4d6000663ad1776eda27dfd29799eae66e77cafd5cec6ca9667a0b83a_6d43cd3e-8b35-495b-91a7-b3c655419812.jpg?v=1784368066,UNKNOWN_WITHOUT_SHOPIFY_EXPORT,PUBLIC_JSON_MATCHED_TO_HANDLE,,VIEWED_CONTACT_SHEET_AND_LOCAL_FILE,2026-09-07T04:03:53+07:00,school doodle mat size chart,,school doodle mat size chart,SET,NEEDS_REVIEW,1,,,,,seo_runs/chillgen.com/chillgen_20260907_01/evidence/images/B031/personalized-classroom-doormat-welcome-to-class-door-mat-a74c09137b__img_04.jpg,alt_current_empty_in_public_json; media_export_url_unknown_without_shopify_export
B031-309,chillgen.com,personalized-classroom-doormat-welcome-to-class-door-mat-a74c09137b,15913423864177,80879128740209,GALLERY_PUBLIC_CDN,5,,https://cdn.shopify.com/s/files/1/1023/0068/0561/files/1edbdd971ab6b252670da5a200d4e7668f549de33d0af23bea12bab5efbbed90_59b5d749-802f-4073-be4d-deb21554ae24.jpg?v=1784368066,UNKNOWN_WITHOUT_SHOPIFY_EXPORT,PUBLIC_JSON_MATCHED_TO_HANDLE,,VIEWED_CONTACT_SHEET_AND_LOCAL_FILE,2026-09-07T04:03:53+07:00,classroom doodle mat use panel,,classroom doodle mat use panel,SET,NEEDS_REVIEW,1,,,,,seo_runs/chillgen.com/chillgen_20260907_01/evidence/images/B031/personalized-classroom-doormat-welcome-to-class-door-mat-a74c09137b__img_05.jpg,alt_current_empty_in_public_json; media_export_url_unknown_without_shopify_export
B031-309,chillgen.com,personalized-classroom-doormat-welcome-to-class-door-mat-a74c09137b,15913423864177,80879128772977,GALLERY_PUBLIC_CDN,6,,https://cdn.shopify.com/s/files/1/1023/0068/0561/files/907c1976b738ac50f2cc9ee40ac4790c6144b3745b959a13faee7ba10583a967_93731a9c-cb0a-4d4d-8a3e-fb14231c4247.jpg?v=1784368071,UNKNOWN_WITHOUT_SHOPIFY_EXPORT,PUBLIC_JSON_MATCHED_TO_HANDLE,,VIEWED_CONTACT_SHEET_AND_LOCAL_FILE,2026-09-07T04:03:53+07:00,personalized teacher doodle mat held,,personalized teacher doodle mat held,SET,NEEDS_REVIEW,1,,,,,seo_runs/chillgen.com/chillgen_20260907_01/evidence/images/B031/personalized-classroom-doormat-welcome-to-class-door-mat-a74c09137b__img_06.jpg,alt_current_empty_in_public_json; media_export_url_unknown_without_shopify_export
B031-309,chillgen.com,personalized-classroom-doormat-welcome-to-class-door-mat-a74c09137b,15913423864177,80879128805745,GALLERY_PUBLIC_CDN,7,,https://cdn.shopify.com/s/files/1/1023/0068/0561/files/e43a45189a4a5abf3e3a79eac8bbb0e03df39593c7cb6bd540d0518484042ad6_f48d41c2-a4e4-425c-85ed-fc9b08b68572.jpg?v=1784368071,UNKNOWN_WITHOUT_SHOPIFY_EXPORT,PUBLIC_JSON_MATCHED_TO_HANDLE,,VIEWED_CONTACT_SHEET_AND_LOCAL_FILE,2026-09-07T04:03:53+07:00,school doodle mat at doorway with dog,,school doodle mat at doorway with dog,SET,NEEDS_REVIEW,1,,,,,seo_runs/chillgen.com/chillgen_20260907_01/evidence/images/B031/personalized-classroom-doormat-welcome-to-class-door-mat-a74c09137b__img_07.jpg,alt_current_empty_in_public_json; media_export_url_unknown_without_shopify_export
B031-310,chillgen.com,personalized-classroom-doormat-with-custom-teacher-name-ae6fef4505-ae6fef4505,15913423929713,80879129461105,GALLERY_PUBLIC_CDN,1,,https://cdn.shopify.com/s/files/1/1023/0068/0561/files/d6a3f7220a52f67b579ded1ba0b25b128b247619791dd0425dbc59ea77463e51.jpg?v=1784368038,UNKNOWN_WITHOUT_SHOPIFY_EXPORT,PUBLIC_JSON_MATCHED_TO_HANDLE,,VIEWED_CONTACT_SHEET_AND_LOCAL_FILE,2026-09-07T04:03:53+07:00,sunflower classroom welcome mat flat view,,sunflower classroom welcome mat flat view,SET,NEEDS_REVIEW,1,,,,,seo_runs/chillgen.com/chillgen_20260907_01/evidence/images/B031/personalized-classroom-doormat-with-custom-teacher-name-ae6fef4505-ae6fef4505__img_01.jpg,alt_current_empty_in_public_json; media_export_url_unknown_without_shopify_export
B031-310,chillgen.com,personalized-classroom-doormat-with-custom-teacher-name-ae6fef4505-ae6fef4505,15913423929713,80879129493873,GALLERY_PUBLIC_CDN,2,,https://cdn.shopify.com/s/files/1/1023/0068/0561/files/c68b3bbf5939b2460e026b7213a7c253e7e447cf4657f0fc3b64a907ac3cbfae.jpg?v=1784368039,UNKNOWN_WITHOUT_SHOPIFY_EXPORT,PUBLIC_JSON_MATCHED_TO_HANDLE,,VIEWED_CONTACT_SHEET_AND_LOCAL_FILE,2026-09-07T04:03:53+07:00,sunflower teacher mat in room,,sunflower teacher mat in room,SET,NEEDS_REVIEW,1,,,,,seo_runs/chillgen.com/chillgen_20260907_01/evidence/images/B031/personalized-classroom-doormat-with-custom-teacher-name-ae6fef4505-ae6fef4505__img_02.jpg,alt_current_empty_in_public_json; media_export_url_unknown_without_shopify_export
B031-310,chillgen.com,personalized-classroom-doormat-with-custom-teacher-name-ae6fef4505-ae6fef4505,15913423929713,80879129526641,GALLERY_PUBLIC_CDN,3,,https://cdn.shopify.com/s/files/1/1023/0068/0561/files/465ad6e2522363e340609fe0c81aafacb4a06301e632c914d0fcae04942c978c.jpg?v=1784368044,UNKNOWN_WITHOUT_SHOPIFY_EXPORT,PUBLIC_JSON_MATCHED_TO_HANDLE,,VIEWED_CONTACT_SHEET_AND_LOCAL_FILE,2026-09-07T04:03:53+07:00,non-skid backing detail for sunflower mat,,non-skid backing detail for sunflower mat,SET,NEEDS_REVIEW,1,,,,,seo_runs/chillgen.com/chillgen_20260907_01/evidence/images/B031/personalized-classroom-doormat-with-custom-teacher-name-ae6fef4505-ae6fef4505__img_03.jpg,alt_current_empty_in_public_json; media_export_url_unknown_without_shopify_export
B031-310,chillgen.com,personalized-classroom-doormat-with-custom-teacher-name-ae6fef4505-ae6fef4505,15913423929713,80879129559409,GALLERY_PUBLIC_CDN,4,,https://cdn.shopify.com/s/files/1/1023/0068/0561/files/6072c8d398c342b34416524d62359b380d6ff8e8b942efd88e35f9c8beaf6ed8.jpg?v=1784368045,UNKNOWN_WITHOUT_SHOPIFY_EXPORT,PUBLIC_JSON_MATCHED_TO_HANDLE,,VIEWED_CONTACT_SHEET_AND_LOCAL_FILE,2026-09-07T04:03:53+07:00,sunflower classroom doormat size chart,,sunflower classroom doormat size chart,SET,NEEDS_REVIEW,1,,,,,seo_runs/chillgen.com/chillgen_20260907_01/evidence/images/B031/personalized-classroom-doormat-with-custom-teacher-name-ae6fef4505-ae6fef4505__img_04.jpg,alt_current_empty_in_public_json; media_export_url_unknown_without_shopify_export
B031-310,chillgen.com,personalized-classroom-doormat-with-custom-teacher-name-ae6fef4505-ae6fef4505,15913423929713,80879129592177,GALLERY_PUBLIC_CDN,5,,https://cdn.shopify.com/s/files/1/1023/0068/0561/files/94d660ab4ddf4c708252cd9826486fa1da770936e8ddbec6f7d70c537cd23323.jpg?v=1784368049,UNKNOWN_WITHOUT_SHOPIFY_EXPORT,PUBLIC_JSON_MATCHED_TO_HANDLE,,VIEWED_CONTACT_SHEET_AND_LOCAL_FILE,2026-09-07T04:03:53+07:00,sunflower mat use location panel,,sunflower mat use location panel,SET,NEEDS_REVIEW,1,,,,,seo_runs/chillgen.com/chillgen_20260907_01/evidence/images/B031/personalized-classroom-doormat-with-custom-teacher-name-ae6fef4505-ae6fef4505__img_05.jpg,alt_current_empty_in_public_json; media_export_url_unknown_without_shopify_export
B031-310,chillgen.com,personalized-classroom-doormat-with-custom-teacher-name-ae6fef4505-ae6fef4505,15913423929713,80879129624945,GALLERY_PUBLIC_CDN,6,,https://cdn.shopify.com/s/files/1/1023/0068/0561/files/73b09149ded3a57cfdfc6daa855c92ed8c1a9a86524aa77f8a633c6c4c56e5f9.jpg?v=1784368050,UNKNOWN_WITHOUT_SHOPIFY_EXPORT,PUBLIC_JSON_MATCHED_TO_HANDLE,,VIEWED_CONTACT_SHEET_AND_LOCAL_FILE,2026-09-07T04:03:53+07:00,personalized sunflower teacher mat held,,personalized sunflower teacher mat held,SET,NEEDS_REVIEW,1,,,,,seo_runs/chillgen.com/chillgen_20260907_01/evidence/images/B031/personalized-classroom-doormat-with-custom-teacher-name-ae6fef4505-ae6fef4505__img_06.jpg,alt_current_empty_in_public_json; media_export_url_unknown_without_shopify_export
B031-310,chillgen.com,personalized-classroom-doormat-with-custom-teacher-name-ae6fef4505-ae6fef4505,15913423929713,80879129657713,GALLERY_PUBLIC_CDN,7,,https://cdn.shopify.com/s/files/1/1023/0068/0561/files/9e5e0bc1d74a386305665943ac346566e8d70e471ef17ddcfad5c2925a2006f6.jpg?v=1784368055,UNKNOWN_WITHOUT_SHOPIFY_EXPORT,PUBLIC_JSON_MATCHED_TO_HANDLE,,VIEWED_CONTACT_SHEET_AND_LOCAL_FILE,2026-09-07T04:03:53+07:00,sunflower classroom mat at doorway with dog,,sunflower classroom mat at doorway with dog,SET,NEEDS_REVIEW,1,,,,,seo_runs/chillgen.com/chillgen_20260907_01/evidence/images/B031/personalized-classroom-doormat-with-custom-teacher-name-ae6fef4505-ae6fef4505__img_07.jpg,alt_current_empty_in_public_json; media_export_url_unknown_without_shopify_export
